Brain total PnL:  $+78.45 (20 trades)
Broker total PnL: $+53.72 (20 trades)
Brain-Broker gap: $+24.73

 #    Sym BrainSh  BrokSh  BrainPnL   BrokPnL    Delta
 1    AMD      22      22    +47.08    +37.17    +9.91 ***
 2   AMZN      22      22    +23.43    +20.54    +2.89 ***
 3   META       5       5    -16.82    -15.80    -1.02 ***
 4    IWM      13       7     -8.90     -5.48    -3.42 ***
 5    XLK      40      40    +55.97    +42.30   +13.67 ***
 6    AMD      15       8    -13.20     -7.12    -6.08 ***
 7    AMD      15      15     -1.04     -0.24    -0.80
 8    XLE      55      55     -5.50     -4.84    -0.66
 9    XLK      24      24     -4.32     -5.04    +0.72
10   AMZN      15      15     -3.64     -1.77    -1.87 ***
11    XLE      56      56     -4.48     -4.48    +0.00
12    XLK      24      12     -5.54     -3.13    -2.41 ***
13     SH      88      88     -2.64     -1.76    -0.88
14    XLK      40      40    +13.40     +8.32    +5.08 ***
15    XLK      24      24     -2.85     -3.63    +0.78
16    XOM      33      24    +18.48     +8.84    +9.64 ***
17   NVDA      18       4     -1.17     +0.02    -1.19 ***
18    XOM      20      20     -2.80     -3.00    +0.20
19     SH      88      88     -1.76     -0.88    -0.88
20    PSQ     105     105     -5.25     -6.30    +1.05 ***
